>>> a = [1,2,3,4,5,6,7,8]
>>> a[1]
2
>>> a[1:]
[2, 3, 4, 5, 6, 7, 8]
>>> a[3:3]
[]
>>> a[3:6]
[4, 5, 6]
>>> a[:] = range(100)
>>> a
[0, 1, 2, 3, 4, 5, 6, 7, 8, 9, 10, 11, 12, 13, 14, 15, 16, 17, 18, 19, 20, 21, 22, 23, 24, 25, 26, 27, 28, 29, 30, 31, 32, 33, 34, 35, 36, 37, 38, 39, 40, 41, 42, 43, 44, 45, 46, 47, 48, 49, 50, 51, 52, 53, 54, 55, 56, 57, 58, 59, 60, 61, 62, 63, 64, 65, 66, 67, 68, 69, 70, 71, 72, 73, 74, 75, 76, 77, 78, 79, 80, 81, 82, 83, 84, 85, 86, 87, 88, 89, 90, 91, 92, 93, 94, 95, 96, 97, 98, 99]
>>> a[27]
27
>>> a[0:50:5]
[0, 5, 10, 15, 20, 25, 30, 35, 40, 45]
>>> a[0:50:5] = (0,0,0,0,0,0,0,0,0,0)
>>>
>>> a
[0, 1, 2, 3, 4, 0, 6, 7, 8, 9, 0, 11, 12, 13, 14, 0, 16, 17, 18, 19, 0, 21, 22, 23, 24, 0, 26, 27, 28, 29, 0, 31, 32, 33, 34, 0, 36, 37, 38, 39, 0, 41, 42, 43, 44, 0, 46, 47, 48, 49, 50, 51, 52, 53, 54, 55, 56, 57, 58, 59, 60, 61, 62, 63, 64, 65, 66, 67, 68, 69, 70, 71, 72, 73, 74, 75, 76, 77, 78, 79, 80, 81, 82, 83, 84, 85, 86, 87, 88, 89, 90, 91, 92, 93, 94, 95, 96, 97, 98, 99]